generation,avg_bb_size,var_bb_size,avg_shortest_dist,swarm_density_count,prey_neurons_connected_prey_retina
1,623.369315,328621.742447,29.325566,0.885895,6
2,488.781163,86517.808643,29.069320,0.922727,6
3,478.676773,87743.634564,29.254253,0.883534,6
4,481.267245,138585.227048,29.343301,0.889190,6
5,454.009071,65749.053602,29.731953,0.850533,6
6,479.390993,100500.844659,28.830402,0.881511,6
7,463.549935,66162.446372,29.489976,0.870156,6
8,494.726248,116173.170732,28.897843,0.921600,3
9,447.894816,98231.124076,29.219725,0.906546,6
10,507.032401,219404.300155,29.546040,0.868269,7
11,452.604011,73815.814912,29.179826,0.877878,6
12,440.518657,56091.903738,29.140215,0.872752,5
13,420.983660,47034.331142,28.801353,0.935685,6
14,533.427758,235334.581095,28.870049,0.919388,5
15,534.236592,195091.608691,29.364536,0.886394,8
16,479.292167,84310.003825,29.329620,0.897335,5
17,533.263343,239746.918741,29.287735,0.907787,5
18,469.898480,82349.571983,29.000413,0.911730,6
19,518.205522,132239.103263,29.314761,0.882608,3
20,389.828954,34924.301868,29.456107,0.870641,7
21,460.684216,73792.290444,29.275079,0.883876,2
22,467.415444,91143.340768,29.462640,0.893493,5
23,591.887879,292175.346139,29.089408,0.908320,7
24,509.789501,164073.378869,28.750687,0.918264,2
25,468.260761,76865.683130,29.103107,0.890108,9
26,528.510929,135437.304446,29.312771,0.902115,3
27,535.977183,171998.147005,29.226335,0.901770,6
28,461.695599,109156.585915,29.442857,0.863953,5
29,469.209392,85694.793075,29.610319,0.870439,6
30,467.784142,94419.968449,28.941489,0.901470,6
31,510.734941,117417.074359,29.395099,0.902923,4
32,487.293819,100870.685677,29.291785,0.886481,5
33,484.902755,110345.199772,28.752767,0.934122,5
34,486.160497,95838.841231,29.267414,0.885862,7
35,479.181248,93268.054733,29.435616,0.881349,2
36,487.192184,86825.098637,28.767034,0.896264,4
37,487.658626,140215.434081,29.575802,0.878129,6
38,538.041656,181201.135851,29.095452,0.922944,6
39,470.044927,90376.416732,29.176444,0.906616,6
40,514.317109,214614.469063,28.779120,0.940420,5
41,507.968650,116876.897043,29.291452,0.884114,3
42,464.610153,108441.658796,29.525151,0.890920,3
43,560.826299,163633.019785,29.689913,0.864624,4
44,482.595014,113018.517676,28.961539,0.932904,7
45,436.294839,81333.368636,29.142158,0.909627,6
46,465.505166,82072.484093,29.708399,0.864980,4
47,498.074961,126908.004366,29.176911,0.896697,6
48,573.888803,254545.989243,29.088777,0.932669,7
49,529.001212,173429.786203,29.124897,0.902865,5
50,407.626783,70574.040069,29.298236,0.871531,7
51,408.340190,72251.980934,28.946765,0.914088,6
52,446.482529,138199.952440,29.149187,0.911468,0
53,448.220090,86417.174233,28.962668,0.914022,4
54,464.813127,65525.751033,28.932742,0.902049,3
55,479.334235,172788.783127,29.134561,0.913834,3
56,705.285427,410360.332550,29.118440,0.925473,2
57,495.180557,116624.289844,29.052503,0.889446,0
58,440.673545,76765.469970,29.433260,0.868027,6
59,478.303595,79005.748735,29.155520,0.890979,2
60,621.456564,576766.285636,29.287812,0.880822,2
61,442.487401,130795.501107,29.768307,0.837934,1
62,484.076468,104878.112641,29.154848,0.895269,4
63,440.666934,86970.219066,29.539771,0.886969,6
64,519.741919,128076.229560,29.131677,0.905471,3
65,490.282278,132362.192363,29.212018,0.905830,4
66,448.156049,73295.230052,29.246193,0.901523,8
67,496.235173,158887.492465,29.311033,0.893741,0
68,497.635054,159606.348013,29.131309,0.893501,6
69,504.134693,103203.549412,28.868475,0.901989,3
70,462.091570,69141.455279,28.760830,0.911424,2
71,507.697379,117891.833527,29.211514,0.893743,2
72,438.492650,56853.439274,29.468034,0.881538,4
73,493.185982,89668.203575,29.505502,0.881176,0
74,546.357830,153253.934708,29.592333,0.881991,0
75,500.481584,137128.947649,28.640881,0.888746,7
76,524.033797,160419.059407,29.267888,0.889518,10
77,503.221899,144959.832996,29.048053,0.905907,6
78,526.053206,165899.522379,28.774042,0.903250,9
79,541.409698,145250.037176,29.180055,0.926845,0
80,549.973189,146111.575150,29.273874,0.913813,4
81,571.040655,215808.671722,29.385492,0.908352,5
82,513.297214,111385.615276,29.568593,0.889706,4
83,509.485832,125315.769872,29.460640,0.895974,4
84,573.119994,167153.447851,29.016535,0.902794,3
85,614.331328,244799.519943,29.374711,0.906444,4
86,614.523823,288718.746449,29.157948,0.898273,0
87,638.478597,356987.330462,29.528794,0.897460,6
88,565.192571,111888.416529,29.347910,0.884321,0
89,548.387379,158795.656776,29.153121,0.892937,0
90,550.491421,226869.325445,29.682331,0.880737,6
91,580.811231,620307.039181,29.225810,0.894284,0
92,598.841385,257070.439162,29.318873,0.894968,0
93,511.293773,190389.030265,28.803876,0.939894,0
94,485.940145,87718.333172,29.381849,0.880441,0
95,570.267069,215787.610289,28.839251,0.937594,4
96,494.478388,115206.102736,29.101154,0.908607,3
97,482.706424,112149.277445,29.643366,0.894293,0
98,492.067331,149183.410010,29.262138,0.881974,0
99,547.985868,128072.513330,29.368601,0.920499,3
100,539.273140,173652.191467,29.250217,0.924453,0
101,526.421689,132575.398992,28.586961,0.950141,0
102,495.228492,103461.120074,29.081791,0.907900,4
103,588.865200,274634.131532,28.340311,0.934741,8
104,512.176411,112073.384693,29.038889,0.901271,0
105,578.133095,175695.884377,29.648543,0.876097,3
106,469.421382,71351.256459,29.059638,0.908056,2
107,510.886979,111558.917000,28.846827,0.907499,3
108,478.628050,123764.662829,29.454268,0.872610,2
109,468.745623,75794.391810,29.459545,0.894364,0
110,490.301848,120037.445147,29.378437,0.891918,3
111,489.486809,69033.049444,29.010971,0.919913,7
112,472.726605,75842.481913,29.103391,0.879775,9
113,508.259785,121577.931936,29.007112,0.904129,7
114,474.439656,115360.769308,29.612648,0.872361,0
115,487.342344,67071.188607,29.200231,0.900862,0
116,568.594765,199179.241184,28.956409,0.897518,2
117,487.916871,70125.350636,29.314205,0.894315,2
118,517.456539,134538.323674,28.960708,0.892316,0
119,475.324729,112150.562699,29.143435,0.897810,2
120,525.467995,150438.827853,29.588852,0.865599,0
121,462.093401,70354.451300,29.066615,0.898205,5
122,512.136658,144895.557641,29.287563,0.878314,1
123,421.740045,68663.225181,29.318397,0.879735,6
124,548.348792,168780.030150,28.762148,0.907655,9
125,416.379584,64041.706067,29.227497,0.889774,0
126,554.386338,334775.276015,28.927054,0.894049,7
127,483.181202,88847.254210,29.099957,0.883264,0
128,528.123068,174648.594648,29.462126,0.882635,3
129,368.550580,37727.750343,29.383273,0.875488,7
130,431.567093,69267.541233,28.836666,0.909383,1
131,490.261522,104089.793004,29.470136,0.872362,0
132,574.970522,196509.125477,28.732783,0.941195,0
133,494.439092,195276.540414,29.461144,0.878074,1
134,517.079544,141509.704911,28.637187,0.959921,0
135,590.783904,442503.025647,28.908789,0.935009,0
136,523.671257,154142.328532,28.970880,0.900046,7
137,505.804065,97358.485349,29.221391,0.916795,7
138,438.534583,110519.930945,29.738930,0.881059,0
139,596.050178,179186.581102,28.971582,0.887258,9
140,477.490719,88200.397778,29.423156,0.856713,0
141,396.369729,54150.041936,29.493325,0.890861,0
142,465.020238,123560.001707,29.484919,0.877186,1
143,504.101574,121617.820417,29.393051,0.898513,2
144,485.789697,91129.892399,29.442549,0.911088,0
145,425.788182,64159.038316,28.840051,0.912447,9
146,423.485437,57048.781927,29.732664,0.867535,1
147,472.177571,85571.824427,28.914573,0.944442,2
148,470.510794,97955.912948,28.733564,0.933551,0
149,477.558952,67827.434032,29.058889,0.931789,0
150,521.060996,168442.988522,29.398239,0.869788,6
151,391.320837,43683.015026,29.230755,0.889820,0
152,467.584643,88160.864969,29.012666,0.895266,5
153,476.929541,97844.363128,29.238800,0.898284,1
154,524.358096,121369.170054,29.445071,0.907242,0
155,574.931357,299424.654747,28.919519,0.890334,3
156,533.905642,204272.151363,30.044590,0.871378,0
157,531.482658,213046.404912,29.145482,0.916419,0
158,486.601011,139266.746250,29.468656,0.886583,0
159,472.944633,83194.462565,29.492915,0.875486,1
160,518.685676,118040.533015,29.237161,0.887723,0
161,484.942476,73402.005509,28.672649,0.899300,0
162,507.126205,105511.749117,29.057204,0.914204,0
163,522.572106,157682.700626,28.970762,0.894597,0
164,584.702668,402678.645380,28.603314,0.954784,2
165,703.547989,882350.806978,29.025713,0.920442,0
166,566.586167,202412.655207,28.879548,0.899626,0
167,528.906053,138344.438056,29.109255,0.918244,0
168,544.538157,169139.420054,29.024764,0.921514,0
169,515.374836,142324.624217,29.382297,0.875568,0
170,477.380854,90944.006644,29.137102,0.931780,4
171,530.818449,134926.101481,29.500296,0.879379,0
172,516.388868,128499.917122,29.501610,0.876027,3
173,430.020465,53924.414433,28.964713,0.900264,0
174,588.281473,170094.694445,29.440437,0.883502,0
175,551.999179,116168.214696,29.124755,0.904758,0
176,517.971358,127566.335479,29.168864,0.887026,6
177,546.412966,158532.671596,29.337490,0.926788,3
178,508.273312,192255.877282,29.320191,0.883442,0
179,489.817301,85947.988263,28.885780,0.909273,0
180,511.804569,124845.704107,28.540784,0.933589,0
181,431.906974,61634.537331,29.682129,0.859657,0
182,479.113523,116375.253042,29.134354,0.884389,0
183,546.542040,152622.500135,28.648335,0.949710,0
184,524.877596,112251.661516,28.924072,0.908810,0
185,512.592523,76853.263089,29.098775,0.863496,0
186,464.236150,82146.255768,29.663801,0.856173,0
187,487.758475,95405.471657,29.286887,0.902433,0
188,414.818938,38248.623681,29.267762,0.896465,0
189,526.792477,159137.739756,28.975176,0.901322,0
190,513.854159,125362.852858,29.700983,0.847498,0
191,448.648922,77787.644373,28.659170,0.932617,0
192,556.796052,156288.916170,29.105655,0.906621,0
193,465.940174,91446.918031,29.200799,0.885247,0
194,533.997581,125737.057389,28.672484,0.932524,0
195,494.855336,123551.898101,28.735336,0.913622,0
196,463.599635,116227.605081,28.957729,0.920534,0
197,460.841749,68912.139264,29.321093,0.888523,0
198,486.849204,107717.109736,29.320908,0.885933,0
199,484.917033,96346.424053,28.607562,0.907687,6
200,503.914183,123588.095154,29.535525,0.879482,5
201,564.085325,230807.046157,29.173250,0.904894,3
202,474.451709,111133.731532,28.748785,0.916490,4
203,535.567211,157962.514228,29.012328,0.909835,0
204,509.518970,112021.997912,29.408592,0.877485,0
205,476.188186,78969.922193,28.761769,0.932553,0
206,491.246936,88941.538171,29.219267,0.892141,0
207,555.199076,140247.656206,29.061668,0.909199,0
208,521.952246,130926.479606,29.583358,0.882484,0
209,515.553357,109592.949557,29.283894,0.899500,0
210,483.907444,94852.909840,28.957771,0.900539,7
211,581.400249,354202.516062,29.018606,0.924902,0
212,500.926042,80411.388116,28.978897,0.879180,0
213,492.052054,131806.081829,29.551058,0.883921,0
214,499.887915,96692.819785,29.542379,0.871610,0
215,491.041207,83411.144231,28.838919,0.939033,0
216,520.125252,155389.893759,29.211171,0.928041,0
217,496.128086,105024.513548,29.225952,0.915258,0
218,496.368065,105288.472342,29.201360,0.891809,0
219,519.705785,155380.366630,28.924478,0.908128,0
220,441.548152,67339.559171,29.195897,0.902923,0
221,471.834001,64851.397564,28.735638,0.924352,0
222,528.072033,168731.871743,29.013049,0.927208,0
223,470.211182,101188.945395,29.145758,0.893091,0
224,589.167927,234621.750104,29.332786,0.886967,0
225,509.399247,136481.525584,29.035055,0.909886,0
226,646.455610,458408.375551,29.730327,0.895329,0
227,463.891325,75559.061857,29.201769,0.912034,6
228,484.129925,89159.194466,29.045972,0.913755,0
229,462.434929,64958.180967,29.467212,0.860070,0
230,596.231106,478186.597073,29.417020,0.862977,0
231,495.806551,135155.151137,29.245094,0.900412,0
232,533.959166,173977.396663,29.173962,0.888827,0
233,498.205884,129033.896924,29.074377,0.894643,0
234,515.876595,210422.050213,29.199449,0.901059,0
235,522.264946,127504.167568,28.600578,0.929119,0
236,527.933442,129183.853291,28.672469,0.934363,0
237,492.172579,79873.398814,28.640230,0.914814,0
238,468.802576,93759.876310,29.931720,0.878914,0
239,511.466641,108595.940393,28.798877,0.927179,0
240,494.488838,125918.353913,29.046707,0.916659,0
241,462.343012,75518.384647,29.172647,0.930996,0
242,535.141824,146059.340767,29.026680,0.887785,0
243,480.575085,78497.308623,29.506735,0.881349,2
244,562.818666,270996.286483,29.162803,0.909604,0
245,544.310945,177538.819474,29.155503,0.914624,0
246,456.056714,84454.154933,28.843959,0.936674,0
247,489.120555,95012.427407,29.279099,0.902432,4
248,438.692869,63834.088983,29.185991,0.891368,0
249,640.051208,445846.537273,28.692825,0.932105,0
250,501.914217,89876.493982,29.038489,0.901482,1
251,671.274942,647812.335006,29.163101,0.890367,0
252,583.258910,399759.176952,29.350997,0.898667,0
253,481.534484,105626.085210,29.190680,0.902900,5
254,462.461662,97782.534776,29.899256,0.844074,0
255,519.490439,128129.530652,29.086762,0.893743,0
256,484.286891,76424.273100,29.104869,0.885351,0
257,572.107701,216515.190810,29.420382,0.909699,0
258,539.739963,245015.093593,28.969120,0.911582,1
259,511.290755,134877.136788,29.099715,0.923534,0
260,535.884492,131382.669419,29.123930,0.903295,0
261,526.095145,112754.734631,29.092388,0.895259,0
262,426.135494,82745.990690,29.432362,0.895978,0
263,598.755450,273430.612060,28.589927,0.937452,0
264,416.627419,61152.722964,29.096256,0.912427,0
265,511.323001,100309.130346,29.154420,0.898419,2
266,505.548265,119289.996835,29.089481,0.906270,2
267,508.388860,133270.653757,29.223158,0.896146,0
268,499.362071,111040.272427,29.676013,0.857320,2
269,533.605428,135761.486239,29.409960,0.900871,2
270,506.184556,183268.910667,29.536782,0.872277,0
271,426.290139,57661.410410,29.035908,0.873112,0
272,443.755575,74809.579680,29.595304,0.867652,4
273,473.863544,71511.448328,28.992173,0.922319,2
274,470.017088,93867.890222,29.245866,0.891611,0
275,479.373339,166466.858192,29.268798,0.883433,0
276,484.410743,106311.302580,29.499110,0.883919,0
277,497.813772,151942.881154,29.529250,0.879727,0
278,497.344769,121829.330959,29.302300,0.907160,2
279,485.219538,98660.554967,29.057675,0.906767,0
280,535.357888,160486.717676,29.519553,0.881043,2
281,473.598955,63173.534788,29.093562,0.931264,0
282,515.082766,115175.585345,28.574434,0.953697,0
283,440.711522,69662.041451,29.389135,0.897873,3
284,528.445423,127814.633542,29.385738,0.895943,0
285,588.925547,509606.991921,29.045782,0.911353,0
286,563.367043,190770.331414,29.147578,0.905989,0
287,535.901714,233305.775493,29.174642,0.886588,3
288,501.892541,173538.582903,28.987512,0.876810,5
289,465.039749,70110.378172,28.880821,0.908895,5
290,535.297334,118026.447377,29.293888,0.877188,3
291,525.576612,130835.783829,28.751230,0.905988,0
292,475.076305,94760.653855,29.007757,0.897540,0
293,506.911056,148396.813499,29.322745,0.890814,0
294,553.982337,162315.907566,29.002458,0.909191,0
295,487.622487,105285.203634,28.980483,0.902401,3
296,563.020257,158292.054772,28.982219,0.909272,0
297,535.537565,126384.331301,28.855322,0.887880,0
298,460.980506,73002.770692,29.406077,0.869479,0
299,573.083989,229905.937403,28.772103,0.921647,0
300,558.618572,229493.314370,29.150064,0.911701,0
301,526.458881,125546.214001,29.230397,0.896867,9
302,518.891733,150354.024149,29.622885,0.883634,3
303,559.165014,208969.731031,29.146467,0.902954,0
304,563.112962,219527.188947,29.071524,0.914898,0
305,515.370306,119263.239043,28.807816,0.926461,0
306,558.553596,162376.119116,29.484031,0.876775,0
307,512.869127,110739.600140,29.276281,0.877647,0
308,528.555493,122771.598301,28.980672,0.911416,1
309,511.331851,93450.882786,29.444260,0.897058,0
310,511.265301,94141.511398,29.102948,0.922052,0
311,525.183216,147416.953745,29.148380,0.910692,0
312,556.312345,208069.942655,29.067442,0.911914,1
313,465.117252,62922.378034,28.957602,0.921107,0
314,482.749716,128068.377444,29.595042,0.850437,6
315,444.214601,64666.566765,29.148929,0.876722,4
316,548.017021,195774.258576,28.897657,0.930357,4
317,491.651718,174186.827730,28.849864,0.916734,0
318,455.662985,88842.660039,28.715111,0.936599,0
319,460.831814,61395.858095,28.930469,0.910206,0
320,479.176071,65880.831446,29.042192,0.910579,0
321,478.727316,81539.408272,28.818476,0.882863,0
322,527.274471,145731.627728,29.396962,0.897825,2
323,484.566518,89787.039549,28.930314,0.906180,0
324,476.364898,104309.609638,28.917844,0.910979,0
325,481.974320,84312.096122,29.183528,0.890949,1
326,396.147228,52571.471480,29.053938,0.895096,5
327,449.962448,60994.873995,29.256651,0.912492,3
328,483.103161,69964.395014,29.389890,0.906599,0
329,422.896236,75552.784905,29.588282,0.884357,0
330,501.276373,99241.869970,29.882693,0.862859,0
331,511.753741,115513.051005,29.230155,0.877818,0
332,459.744472,80040.726480,28.703346,0.923404,0
333,469.995655,66467.617382,29.504792,0.890852,5
334,491.892805,107453.748523,29.011174,0.917102,1
335,531.222379,109748.101923,29.418728,0.906743,0
336,493.551197,105047.199195,29.280681,0.887795,0
337,483.186058,83838.296191,28.902414,0.925501,0
338,539.632555,183649.847788,29.630758,0.885573,0
339,488.567443,214356.359082,29.476007,0.867958,1
340,415.939042,57907.330955,29.075603,0.902182,2
341,505.435524,86370.509522,28.660250,0.926123,0
342,493.935839,138356.420860,29.202163,0.925397,0
343,534.745716,128233.562814,28.950109,0.917367,0
344,504.744500,94326.219850,29.247343,0.895134,1
345,400.715159,44045.853794,29.385327,0.872903,0
346,524.780400,186654.091335,29.038177,0.904354,0
347,459.045024,97314.388942,29.164977,0.887897,0
348,491.827960,131266.617725,29.427345,0.877038,0
349,641.542768,375291.602818,29.289416,0.918520,0
350,491.605925,88316.144383,29.029245,0.891407,0
351,551.787917,124115.716926,29.091832,0.924644,2
352,476.761181,115375.916259,28.671444,0.923387,0
353,521.779149,88499.642633,29.400625,0.874787,0
354,503.636718,134343.704471,29.615197,0.867746,0
355,508.974729,310437.401931,29.531049,0.886599,3
356,504.096381,146222.859532,29.181390,0.916091,2
357,533.668934,233967.681170,29.149366,0.905213,0
358,513.652886,122948.376650,28.638290,0.910443,0
359,496.100456,96104.001626,29.237444,0.896100,0
360,612.263406,320882.757664,29.558365,0.872904,0
361,462.630120,82450.084358,29.272295,0.907327,3
362,516.824939,120612.884209,28.889742,0.909444,0
363,494.515061,95935.724937,29.323588,0.861504,0
364,497.449429,82353.173790,29.049361,0.901242,0
365,484.523251,86233.458997,29.152493,0.896443,0
366,497.180690,132789.365685,29.257947,0.892232,0
367,553.418855,147169.273902,28.808488,0.947625,0
368,484.031864,82259.540336,29.034365,0.907112,0
369,463.646853,71563.066401,29.133101,0.897147,0
370,538.866169,213453.529501,28.929832,0.912955,0
371,456.868340,88336.538709,29.291254,0.903799,0
372,480.434134,77904.502627,29.461883,0.905980,0
373,506.529997,120828.841854,29.406573,0.896009,4
374,425.265619,46818.602419,29.516141,0.869771,0
375,416.901222,45040.039331,28.794003,0.931628,0
376,499.783655,114294.495264,29.145853,0.912321,0
377,512.191083,132690.848702,29.437859,0.877600,0
378,488.121969,91669.889052,29.363634,0.886959,0
379,491.445442,127313.098391,29.277900,0.899026,1
380,511.934077,107981.084775,29.166095,0.893662,4
381,511.742844,140618.890830,29.119299,0.875519,0
382,485.779192,96545.227455,29.230045,0.871306,2
383,538.499201,167646.622134,29.047504,0.892927,4
384,439.700115,69767.971351,28.858246,0.931385,0
385,515.131806,127282.731782,29.517785,0.875601,0
386,558.320847,112114.060426,29.470463,0.894372,0
387,518.090194,119595.832211,29.533850,0.882429,0
388,529.418562,158026.161683,29.364687,0.874166,0
389,563.759251,214648.472355,29.029104,0.889264,0
390,490.239792,94680.749494,29.372661,0.874563,0
391,524.816745,124205.720540,28.781609,0.926072,0
392,467.467107,77734.709942,29.038249,0.909638,0
393,557.537828,188989.052645,29.041828,0.914166,0
394,496.040668,103874.378453,29.128388,0.888885,0
395,485.272713,90840.896153,29.720344,0.863014,0
396,479.350446,86635.051016,29.174466,0.934190,4
397,550.327976,134356.948914,28.295518,0.933817,0
398,478.159803,80075.903306,29.366210,0.899447,0
399,490.651947,113097.423017,29.506101,0.856308,0
400,511.466778,184793.757851,29.043959,0.901754,0
401,540.586286,169349.191505,29.201329,0.906025,4
402,587.900265,276551.530061,28.802234,0.895761,0
403,478.504284,97527.231257,29.674368,0.880605,0
404,470.650318,87253.574226,29.320207,0.858051,0
405,555.529974,208459.368006,29.362000,0.886355,0
406,507.187879,188384.164179,29.617155,0.867391,0
407,576.912178,259710.668911,29.750027,0.856942,0
408,454.941303,77426.231543,29.555465,0.884039,0
409,444.328176,95499.423691,29.227450,0.881301,0
410,524.764223,182671.258448,29.171243,0.886830,0
411,461.777476,58654.968940,29.713598,0.870225,0
412,433.860622,74771.089512,29.350766,0.913336,0
413,445.335431,105114.708174,29.209585,0.903926,4
414,518.333084,91842.282483,29.693291,0.875617,0
415,560.090399,164359.341181,29.554270,0.873413,2
416,510.450764,164351.933049,28.961041,0.927408,3
417,442.002662,63593.179918,28.970640,0.903468,4
418,576.764716,378010.292623,28.853856,0.900845,0
419,505.049914,107139.210528,28.971680,0.902447,0
420,557.884514,237863.068286,29.458128,0.856679,0
421,511.803945,103142.815157,28.612619,0.946102,3
422,522.624110,127499.688146,29.422253,0.885390,0
423,473.869984,66319.801409,28.993555,0.919772,0
424,481.371262,93314.878459,29.016465,0.923615,8
425,507.275977,128709.174807,29.734094,0.857471,0
426,444.230894,89502.395024,29.358455,0.895709,0
427,485.480741,83962.963760,29.055117,0.895117,0
428,500.172442,126590.697663,29.192547,0.898929,0
429,510.256979,123070.930497,29.064438,0.902347,0
430,484.002601,72645.088717,28.795849,0.908116,0
431,474.269330,85890.411752,28.635271,0.914568,3
432,471.014239,245560.448011,28.690394,0.933510,0
433,477.366057,95895.561833,29.592602,0.877970,3
434,493.140810,108608.832140,29.409003,0.934602,0
435,462.824165,67719.859769,29.479722,0.879812,3
436,428.135363,53069.596153,29.208381,0.907151,3
437,569.509767,306195.563880,29.061491,0.899384,4
438,565.383102,198684.590645,29.132810,0.911409,3
439,495.967103,88432.980580,29.280050,0.864074,0
440,466.754123,114831.108314,28.787743,0.934990,0
441,411.987196,49382.648788,29.017547,0.894736,0
442,434.924645,54078.868927,29.215875,0.912068,0
443,476.354167,65919.747631,28.969698,0.921826,0
444,606.693346,337126.588794,29.487689,0.889082,3
445,499.172390,115739.537684,28.908439,0.918551,3
446,548.490275,171441.539501,29.047299,0.891665,0
447,488.953849,189304.893987,29.544901,0.891841,0
448,459.938308,135735.442479,29.311423,0.893791,3
449,505.474066,152594.196212,29.101514,0.889539,3
450,525.878263,107972.717526,29.218629,0.884018,3
451,513.812934,206139.193107,29.721111,0.881532,0
452,414.721968,43404.651670,29.192325,0.908914,3
453,596.477420,221970.892500,29.035977,0.932090,0
454,504.785370,114635.625483,29.245847,0.917921,0
455,498.745802,99906.930094,29.447085,0.879627,0
456,536.193617,186686.053308,28.876819,0.886496,0
457,478.855667,103571.808687,28.821543,0.907724,0
458,452.374750,90812.035377,29.135964,0.912789,0
459,505.384624,112128.882989,29.044209,0.930786,0
460,515.129342,102469.726841,29.504321,0.880767,0
461,434.095605,59285.585455,28.764443,0.916081,0
462,480.805177,77416.235805,29.205929,0.897733,3
463,539.532184,172464.288875,29.242358,0.888906,0
464,519.172593,118587.586078,29.052853,0.921984,0
465,438.721145,50804.008277,29.572024,0.879848,0
466,553.418880,223695.283092,29.409643,0.906939,0
467,470.380493,94436.228665,29.154084,0.914996,0
468,521.352869,126909.272909,29.672041,0.861009,0
469,470.512185,79453.111155,29.575737,0.868191,0
470,475.844717,80825.636265,29.444869,0.882121,0
471,507.127307,97316.951884,28.845295,0.923558,0
472,501.875457,183336.391561,29.195631,0.905978,0
473,467.379412,86675.232121,29.068376,0.928373,0
474,560.317963,198152.826159,29.715766,0.896831,0
475,466.706417,67483.312509,29.364903,0.875968,0
476,483.334544,88777.226469,29.029719,0.897602,2
477,446.429748,64407.950744,29.353195,0.877429,2
478,477.389734,87013.944259,29.305220,0.891755,0
479,574.289032,349117.414468,28.961636,0.889085,1
480,517.714227,115616.310331,28.916388,0.916050,2
481,468.399808,121898.372303,28.754443,0.937266,0
482,513.331822,177546.752224,28.971154,0.904778,0
483,464.761137,116811.783218,29.034886,0.886188,3
484,513.558201,134387.008873,28.595114,0.945662,0
485,521.829440,140222.015474,29.467520,0.864808,0
486,483.857545,143116.981842,29.495653,0.882113,0
487,471.881312,73848.196765,29.015601,0.908236,0
488,460.754335,82998.604768,29.316328,0.890834,0
489,552.354925,174003.111217,29.217501,0.894418,3
490,570.491996,227194.372708,29.004518,0.918604,1
491,461.997249,66919.891803,29.439378,0.907596,3
492,513.541863,130775.095061,29.413577,0.859336,0
493,588.650333,225577.790944,28.777670,0.897129,0
494,541.841866,128185.180748,28.807822,0.935262,0
495,440.802697,53151.330879,29.132058,0.897781,0
496,555.201639,179953.512192,29.195932,0.903252,0
497,552.312354,169318.136633,28.889179,0.934683,0
498,546.376245,134796.397413,29.837818,0.844660,0
499,485.425768,99835.148153,29.606877,0.856571,3
500,519.494235,118689.008806,29.294582,0.911343,0
501,506.409098,123744.425418,29.210019,0.877601,0
502,494.951839,105418.993585,29.276976,0.898191,1
503,507.992058,110138.168060,28.780085,0.929062,0
504,457.026692,107507.664811,28.779970,0.915303,7
505,488.761537,120098.607635,29.082251,0.921600,0
506,473.465281,97608.328016,29.179698,0.875855,1
507,492.139278,139212.425501,29.162525,0.918722,0
508,481.669836,106299.209286,29.401211,0.892015,0
509,502.338801,93037.329654,29.372566,0.874877,0
510,532.144408,217897.418098,29.245941,0.884916,1
511,467.566057,79589.116586,29.100532,0.899913,0
512,533.539421,178643.652236,29.259836,0.889735,0
513,525.601369,110793.987803,29.183827,0.914919,0
514,538.881035,133920.663341,29.200002,0.906600,0
515,495.012638,132911.858191,29.444462,0.874636,0
516,556.587135,169458.992840,29.218234,0.915435,0
517,494.967740,99893.832713,28.842646,0.919801,0
518,500.564880,133267.462445,29.219713,0.907015,0
519,661.008333,438761.798717,29.278585,0.894888,0
520,466.249804,106708.853381,29.146154,0.927096,0
521,517.015941,183991.287070,28.920439,0.919799,0
522,476.620767,75145.843027,28.648406,0.914552,0
523,518.908679,131160.098536,29.476851,0.887447,0
524,511.200282,142674.860128,29.120526,0.892330,0
525,498.485219,123844.234911,29.244565,0.911431,1
526,461.244871,94099.922986,28.929266,0.906206,0
527,677.690332,863728.689996,28.928824,0.887058,0
528,405.292346,42964.845582,28.737802,0.895461,0
529,464.496268,82168.587564,29.455021,0.886401,0
530,553.227694,161337.071158,28.948274,0.927361,0
531,528.514624,135168.356552,29.028154,0.902413,0
532,423.636996,53831.507890,29.546384,0.858516,0
533,501.141977,96506.662167,29.724050,0.849587,0
534,438.444258,93392.641335,29.153826,0.886065,0
535,479.748672,78213.230800,29.110353,0.895337,0
536,629.384491,411284.365373,29.225757,0.902878,0
537,469.487611,81712.220908,29.007643,0.897041,1
538,496.081720,92564.801139,29.538917,0.873166,0
539,484.370390,96820.728015,28.827682,0.928640,0
540,583.544499,258620.107097,29.202530,0.872240,0
541,518.237734,227156.020067,29.839539,0.875931,0
542,517.437273,150846.568731,28.850255,0.900285,0
543,473.388565,99798.203393,29.112354,0.905313,0
544,431.584993,58180.183277,29.176945,0.878555,0
545,507.825279,131596.832219,29.517794,0.879334,0
546,472.219721,94205.576859,28.972502,0.923750,0
547,547.495402,181999.457884,28.963358,0.920639,0
548,487.983829,98806.859397,29.445431,0.890314,0
549,555.037913,268781.884514,29.081751,0.911652,0
550,397.359307,48935.044691,29.005516,0.932553,0
551,423.400926,69716.853740,29.057020,0.908856,0
552,426.886519,45883.660460,29.281887,0.875973,1
553,524.345694,160558.140553,29.559122,0.867083,0
554,501.781906,120218.924553,29.345839,0.887855,0
555,517.499169,110117.469394,28.956132,0.911579,0
556,445.042739,76641.358554,29.128288,0.870957,1
557,626.771877,351165.165683,29.144993,0.901217,0
558,458.629711,80899.621481,28.321967,0.927342,0
559,511.265752,156719.015104,29.201942,0.894828,0
560,472.861158,127917.685839,28.617993,0.921856,0
561,474.011186,66948.313321,28.926081,0.909273,0
562,520.505565,138813.299912,29.427659,0.895845,0
563,633.950291,678787.110300,29.134922,0.897724,0
564,531.426625,223155.792779,29.521423,0.860324,0
565,414.392547,55544.268949,28.984009,0.915460,0
566,553.285085,129320.397582,29.468255,0.872926,0
567,493.968701,86141.504632,29.111052,0.891170,0
568,473.811206,69620.298167,29.110874,0.879910,0
569,554.874908,166072.854537,29.085339,0.912341,0
570,460.821018,63244.205359,29.442914,0.884215,0
571,476.608990,86364.172844,29.244459,0.886619,0
572,564.235882,147299.425043,29.561840,0.886762,0
573,499.558794,125042.873611,29.173744,0.907102,0
574,518.283887,142085.723257,29.262698,0.923363,0
575,499.267862,88105.499071,29.252327,0.886653,0
576,514.078209,219785.217116,28.595335,0.916580,0
577,545.140964,194458.600616,28.992850,0.921413,0
578,536.684135,186765.999644,29.177506,0.902058,0
579,460.262949,99522.100580,28.828026,0.917169,0
580,544.426269,166543.723617,28.996690,0.916660,0
581,539.827114,181779.471869,29.186897,0.894813,0
582,511.125063,216772.812783,29.176316,0.916844,0
583,488.114449,83805.533132,28.927806,0.915956,0
584,552.828445,143397.806675,29.233027,0.910803,0
585,453.452466,62726.627853,29.283249,0.886566,0
586,536.089904,281480.181273,29.307364,0.898229,0
587,460.480751,99568.404979,29.038998,0.903306,0
588,489.022628,100109.998700,28.909456,0.913438,0
589,502.565028,157523.495980,29.734381,0.852261,0
590,588.664507,312835.485496,29.163547,0.906771,0
591,490.975256,104107.255304,29.152603,0.887611,1
592,459.385978,73598.946173,29.279193,0.873313,0
593,510.482291,182801.987836,29.184674,0.928332,0
594,511.542379,132917.147333,29.096324,0.904027,0
595,576.002797,225992.762979,29.228279,0.906204,0
596,499.987790,133746.246867,29.327003,0.905799,1
597,456.196270,86894.530375,29.219783,0.914054,0
598,550.679073,282865.599223,29.048089,0.908585,0
599,493.573799,103915.410095,28.888176,0.917868,0
600,516.710583,137255.384801,28.766426,0.918387,0
601,517.686963,107450.949984,29.302835,0.901778,0
602,542.278701,307092.525750,29.369048,0.875987,0
603,482.900494,89372.534565,29.770229,0.884924,0
604,445.470987,88328.615875,29.595546,0.880007,0
605,575.409113,215094.976979,29.089689,0.888483,1
606,524.958237,121025.375590,29.143726,0.899270,0
607,592.569030,242654.853223,29.197219,0.893039,0
608,474.177719,91402.610258,29.635545,0.882291,0
609,518.853549,150534.399077,29.260803,0.883327,0
610,523.600729,109950.123603,29.365064,0.898259,0
611,516.659106,136259.760959,29.906785,0.857038,1
612,505.186541,110342.762875,28.921637,0.903774,0
613,472.107511,125232.055743,29.029751,0.914361,0
614,527.636864,208500.657007,28.819204,0.913774,0
615,544.363993,123731.383401,29.181917,0.902980,2
616,651.273126,574545.526851,28.988733,0.943969,0
617,516.773895,157942.240608,29.696951,0.888460,0
618,602.747808,352602.835148,28.948736,0.908133,0
619,479.858323,76899.039519,29.482192,0.890729,1
620,478.146920,114878.406654,29.469107,0.891652,0
621,516.752614,121227.309725,29.108523,0.936890,0
622,555.008506,310704.843394,29.064132,0.893655,0
623,467.741535,116770.975687,29.007897,0.887260,0
624,478.193299,164625.540977,29.252731,0.875807,0
625,498.447888,148749.832075,29.608143,0.896520,0
626,448.361381,81252.541771,29.006403,0.911131,0
627,474.087625,95239.315328,28.912781,0.916232,0
628,570.770044,245483.049376,29.025751,0.873133,0
629,485.476322,83793.868942,29.110389,0.916821,0
630,567.829668,306797.402641,29.229048,0.888351,0
631,508.105889,156205.714582,29.105285,0.904128,0
632,505.369899,195938.208277,29.054093,0.906871,0
633,463.373118,66370.341371,28.747257,0.926053,0
634,492.281278,86590.959979,28.926167,0.937976,0
635,486.249576,88062.494808,28.904296,0.896156,0
636,454.830976,79916.965221,29.027921,0.931664,0
637,540.141835,157905.246067,29.498858,0.875402,0
638,447.627817,106634.187331,29.773359,0.882690,0
639,537.501731,156518.016190,28.915766,0.917501,0
640,507.828311,124860.387690,29.284677,0.877658,0
641,503.371401,99752.093199,29.123320,0.885222,0
642,459.595448,99888.243814,29.497058,0.884256,0
643,485.768274,90898.885397,29.115339,0.885597,0
644,465.249211,117164.589879,29.186430,0.889171,0
645,520.241417,162471.427106,28.832241,0.923781,0
646,535.454964,122658.731586,28.831804,0.937205,0
647,507.887461,128434.060325,28.853892,0.915302,0
648,526.912676,187623.830155,29.559261,0.889308,0
649,519.227793,99135.902081,29.214650,0.913457,0
650,534.520712,111396.231227,29.186754,0.900718,0
651,523.108933,139639.815115,29.028285,0.897732,0
652,503.221866,112137.695960,29.168002,0.888910,0
653,528.362996,147832.656168,28.605135,0.923233,0
654,455.981642,90554.874113,29.123308,0.902208,0
655,500.999300,196311.693333,29.084261,0.879902,0
656,513.438349,110687.662942,29.291154,0.901444,0
657,530.927828,156147.351545,29.870187,0.868198,0
658,495.835607,96003.562265,29.057206,0.897014,0
659,430.022775,64423.318505,29.378222,0.920540,0
660,474.525293,107070.809355,29.092729,0.882194,0
661,442.812911,73740.154946,29.505387,0.888736,0
662,535.075694,118604.949158,29.207207,0.903926,0
663,423.806698,53629.980396,29.551187,0.859102,0
664,483.664266,80143.538581,29.403954,0.872568,1
665,526.549960,135829.196492,29.277592,0.886376,0
666,484.346927,89230.876587,29.146054,0.890505,0
667,564.157217,185381.703199,28.868062,0.916653,0
668,586.631811,259737.901331,29.432256,0.911084,0
669,468.866902,92813.008483,29.231839,0.895960,0
670,507.926960,188343.442823,29.294674,0.900593,0
671,533.077086,163389.254893,29.343196,0.912246,1
672,501.897271,117573.678081,29.256759,0.899313,0
673,458.506397,60934.457378,29.313699,0.913114,0
674,514.341163,160572.098559,28.849722,0.920155,0
675,531.554048,126817.370542,28.718352,0.912002,0
676,634.629032,525447.517763,28.583303,0.924975,1
677,588.070052,228939.102969,29.097195,0.909821,0
678,502.557336,125419.802285,29.526073,0.923522,0
679,571.095709,206583.311681,29.458053,0.879007,2
680,489.603189,65439.076096,29.630610,0.884476,2
681,534.275133,138948.439998,29.522992,0.878925,1
682,556.901245,162668.719954,29.338616,0.888874,2
683,497.080313,84840.458483,29.341915,0.923370,1
684,483.956331,159713.173837,29.370318,0.875719,3
685,490.338589,126265.141036,29.323546,0.886279,0
686,466.786172,70795.007808,29.139080,0.892387,2
687,475.417985,129209.839778,29.417186,0.888098,0
688,534.750516,170825.369533,29.222175,0.903080,0
689,473.920314,78549.890163,29.024835,0.910956,0
690,531.945356,97829.311053,28.604589,0.920346,0
691,438.007029,61084.176950,29.186230,0.892038,2
692,494.798673,90676.261079,29.162914,0.892792,0
693,584.502706,192396.828295,29.335023,0.900562,0
694,483.482677,69990.233975,28.724192,0.913134,0
695,558.811148,219849.275134,29.046479,0.883261,0
696,582.143835,188858.515565,29.440860,0.910131,2
697,556.241428,122375.694799,29.713972,0.867317,1
698,473.140319,76076.471103,29.449263,0.879307,0
699,506.435940,124927.880854,29.234958,0.906447,0
700,506.091763,119943.136055,28.648803,0.946169,0
701,569.640347,280416.186622,29.553947,0.883313,0
702,477.530577,64998.764074,28.558907,0.922213,0
703,476.342501,89562.394953,29.211606,0.900875,0
704,494.981935,122637.344623,29.261969,0.891832,0
705,438.285765,65479.401077,29.183891,0.891778,1
706,441.269679,70969.799934,29.226212,0.879269,2
707,551.726149,110569.630918,29.486431,0.901158,0
708,476.373224,66638.823253,29.086304,0.887359,0
709,498.935447,90444.888305,28.766170,0.927041,0
710,474.063868,85471.079392,28.845134,0.922627,0
711,618.178295,581829.019591,28.948381,0.921961,0
712,533.094612,168721.338095,28.889867,0.911919,2
713,450.170684,52393.278238,29.139431,0.917019,0
714,534.333765,118499.936404,28.906404,0.922263,0
715,558.068995,237084.309978,29.220279,0.878459,0
716,549.937790,168872.261469,29.123602,0.904013,1
717,472.369164,66171.663529,28.896435,0.917560,0
718,497.545864,148060.764378,29.067068,0.912620,0
719,528.697146,142041.688789,29.642531,0.865879,0
720,585.095156,216007.239023,29.165042,0.916352,0
721,543.700608,279630.263248,28.951791,0.933234,0
722,524.627208,192608.051406,28.838559,0.893819,1
723,523.751098,143417.843594,28.851765,0.941167,0
724,557.744226,241208.569625,28.738122,0.914825,0
725,528.368894,207481.742882,29.055944,0.894489,0
726,516.524298,132814.371747,29.310530,0.912462,2
727,490.709796,103878.658791,29.174874,0.867506,0
728,557.386015,191971.188782,29.157181,0.903965,0
729,511.125208,132078.045359,28.727211,0.935351,0
730,442.235778,74174.981128,29.249224,0.911525,0
731,516.766939,175204.655879,29.249939,0.897909,0
732,549.066469,136796.224474,29.031576,0.931098,0
733,452.420427,95551.717764,29.236831,0.880231,0
734,525.384856,212747.734473,28.725480,0.930581,0
735,492.156120,113245.233385,29.497342,0.874975,0
736,448.294509,69776.520543,28.840755,0.918869,0
737,508.502616,147279.424043,28.840591,0.922830,0
738,505.535382,111538.015618,29.119135,0.913381,0
739,493.749352,127396.482125,28.872253,0.913335,0
740,596.502000,319855.713300,29.395824,0.873430,1
741,554.527447,256049.055264,29.600529,0.902258,0
742,428.194092,53445.515506,29.153309,0.909157,1
743,482.408722,118903.157445,28.951213,0.919612,0
744,513.247498,163806.585837,28.882155,0.910940,0
745,557.343667,207370.406658,29.216080,0.922809,0
746,487.920378,90970.903148,29.074097,0.919448,0
747,482.432631,133491.199075,29.003706,0.908104,0
748,624.363126,402811.863734,29.137245,0.907349,0
749,485.074019,124960.661659,29.140783,0.890207,0
750,503.237966,109423.720664,29.076431,0.924185,0
751,453.240763,102455.863765,29.225190,0.899184,0
752,454.477191,79114.849316,29.183219,0.875207,1
753,488.597422,122272.867333,29.502399,0.882472,0
754,602.928565,456944.768133,29.867316,0.861256,0
755,535.577994,176701.007527,29.353520,0.907609,0
756,508.825993,90205.967922,29.410902,0.884696,0
757,477.681648,73325.084460,29.788431,0.848135,0
758,510.629600,135654.427285,29.187392,0.883393,0
759,486.836383,137712.413107,29.196551,0.917900,0
760,524.883348,151209.784778,29.002229,0.928778,0
761,495.812236,161964.670460,29.227960,0.901390,0
762,466.488657,111984.031556,29.534611,0.872942,0
763,515.827693,95777.125193,28.747924,0.917312,0
764,524.402184,123619.243460,29.033443,0.911701,1
765,601.099553,297306.596877,28.908967,0.926530,0
766,486.168744,80232.624652,28.982324,0.916976,0
767,495.777592,168287.792549,29.389117,0.893944,0
768,535.310914,175814.060807,29.032537,0.897829,0
769,460.364129,63370.995623,29.206285,0.902238,0
770,540.199418,196119.011128,29.131556,0.905280,0
771,535.578438,248576.648371,29.356527,0.867691,0
772,453.881294,75182.198369,29.115106,0.901322,0
773,436.282856,67458.588020,29.289909,0.887708,0
774,448.074159,83305.665100,29.459186,0.873476,0
775,542.272499,184276.089363,29.407175,0.909038,0
776,538.231155,120829.232052,28.871352,0.904437,0
777,515.602191,191714.134579,29.330855,0.892816,0
778,444.749794,76195.258476,28.897673,0.898511,0
779,465.486559,78386.301456,28.856469,0.914009,0
780,478.137493,70711.809975,28.570993,0.931706,0
781,557.667099,250948.037029,28.759234,0.930548,0
782,496.044877,102080.347551,29.118494,0.897022,0
783,519.746014,121255.140634,29.247287,0.881194,0
784,485.591034,88032.319388,29.061938,0.895421,0
785,478.859509,115255.958743,28.998208,0.945032,0
786,485.281657,95798.084485,29.263525,0.886517,0
787,519.209537,246759.260166,28.978335,0.914303,0
788,487.885195,100464.946420,29.691454,0.876950,0
789,509.406190,146448.340140,29.460482,0.896997,0
790,450.283233,83462.548784,29.134722,0.889873,0
791,558.260099,389812.666581,29.235187,0.881616,0
792,480.541960,83478.714198,30.006106,0.845607,0
793,499.776430,106823.237881,29.109860,0.916385,0
794,494.084506,144936.889163,28.815144,0.933576,0
795,500.066273,94152.258136,28.823813,0.905426,0
796,480.414126,126236.657523,29.000183,0.874784,0
797,566.863696,221545.476986,29.326011,0.896231,0
798,488.449043,106291.650699,29.101351,0.899374,0
799,427.041898,203461.205525,29.270109,0.862095,0
800,556.925020,176342.499931,29.113483,0.919607,0
801,462.081709,88352.275848,28.987014,0.898933,0
802,492.279951,92861.643163,29.034969,0.920823,0
803,661.669154,548671.651196,28.899202,0.903948,0
804,546.924525,209960.432045,28.919281,0.899807,0
805,480.987851,75777.741034,29.308221,0.894332,0
806,465.219673,87042.644924,29.058214,0.905756,0
807,491.417256,120307.714388,28.999058,0.914082,0
808,486.292008,71158.689470,28.828348,0.926077,0
809,463.338903,67924.646469,28.961432,0.917939,0
810,473.900501,89010.914361,28.634701,0.925836,0
811,469.494244,86599.881640,28.873569,0.915976,0
812,483.105233,105731.464011,29.538055,0.877908,0
813,466.486486,94237.392208,29.209638,0.889757,0
814,454.164391,89089.698361,29.288438,0.908927,0
815,446.541310,63711.741495,29.239492,0.899107,0
816,465.658193,79133.197133,29.323111,0.896542,0
817,549.169529,234552.220231,29.153222,0.904386,0
818,487.818972,91209.709608,29.087107,0.915310,0
819,493.133765,95797.282920,29.551244,0.894980,0
820,469.119998,71675.456352,28.780955,0.906858,0
821,526.907564,136150.642025,29.246606,0.912258,0
822,549.701213,188920.728872,28.752997,0.930071,0
823,582.421645,235130.005760,29.074508,0.894175,0
824,614.579480,312617.621907,29.304552,0.891086,0
825,488.671965,102556.100895,29.481015,0.870381,0
826,472.156819,83449.508970,28.969721,0.897801,0
827,565.822941,252070.210375,29.056499,0.891932,0
828,516.960334,145599.451923,29.001024,0.907755,0
829,563.108383,256569.328390,29.735203,0.870900,0
830,473.766673,79436.724617,29.553224,0.880159,0
831,537.639427,185593.798742,29.319008,0.908929,0
832,469.590421,82556.076204,28.932684,0.938622,0
833,480.016252,103293.092527,28.825914,0.935551,0
834,498.646227,130945.504077,29.165597,0.903611,0
835,507.879403,95129.777564,28.845604,0.895701,0
836,562.116112,131416.928390,28.863170,0.891328,0
837,517.751615,127867.264687,29.226087,0.902192,0
838,511.759959,143800.810213,28.894783,0.897888,0
839,508.110749,125169.201214,28.676065,0.910236,0
840,498.268662,125339.328966,28.596156,0.958150,0
841,511.497679,183050.984303,29.230656,0.904928,0
842,517.712357,127271.375409,29.352817,0.894542,0
843,586.485279,256703.531536,29.017746,0.905111,0
844,512.731949,186164.136587,29.189431,0.891940,0
845,451.467999,83549.300429,29.593139,0.861143,0
846,495.028424,138473.096040,29.412736,0.900403,0
847,515.904089,123417.455589,28.693534,0.924866,0
848,497.149601,85495.508157,29.236012,0.884698,0
849,471.562626,81900.895600,29.526582,0.886705,0
850,590.716126,272874.091087,29.258744,0.869161,0
851,543.759597,197826.335776,29.215348,0.887891,0
852,576.048383,196222.559962,29.038904,0.894265,0
853,529.667899,190793.550913,29.085184,0.889757,0
854,557.042638,227427.207404,28.912814,0.912812,0
855,454.916289,71549.696598,29.825292,0.875698,0
856,505.440465,99514.382734,28.711160,0.929274,0
857,511.486221,163428.732260,29.168797,0.913200,0
858,446.426708,94408.627459,28.960928,0.886563,0
859,519.361867,110403.171234,29.478016,0.885713,0
860,542.815592,189634.242727,28.938311,0.907810,0
861,491.717404,78354.650063,29.117034,0.896731,0
862,530.446117,191282.856133,29.032150,0.891148,0
863,503.174805,112933.448630,28.619888,0.950717,0
864,503.961569,86086.433095,29.115223,0.885019,0
865,504.958442,127382.779174,29.518932,0.871918,0
866,537.881636,200063.055023,29.100169,0.920716,0
867,494.234646,171219.789956,29.619217,0.871354,0
868,497.774484,131426.153395,29.356364,0.868207,0
869,516.029303,138635.070232,29.719118,0.875653,0
870,598.430724,220057.384435,28.343676,0.968961,0
871,496.389878,154465.203075,29.117268,0.913892,0
872,499.356944,113685.939197,29.600273,0.865870,0
873,452.330862,64469.323596,28.984134,0.915746,0
874,529.743676,172048.569139,29.334810,0.909450,0
875,602.606626,206665.028692,29.018123,0.924063,0
876,538.242198,230464.452194,29.187347,0.891222,0
877,557.791728,298423.403324,28.832667,0.909968,0
878,470.720818,130107.516941,29.063752,0.897643,0
879,462.614755,116170.083365,28.749517,0.945884,0
880,545.798778,165188.256760,29.160144,0.930628,0
881,478.607156,137742.869484,29.026617,0.905908,0
882,516.412525,138951.245480,29.116487,0.916979,0
883,492.697942,83922.192155,29.443715,0.880375,0
884,444.837959,78734.681499,29.050327,0.884306,0
885,488.718505,105259.141738,29.179823,0.894039,0
886,535.318692,118297.764230,28.785990,0.950054,0
887,544.627538,166493.193151,29.077680,0.901616,0
888,452.942796,90586.306236,29.159791,0.884882,0
889,487.814758,81836.839999,29.345494,0.871474,0
890,529.112408,148600.497059,29.142499,0.902788,0
891,541.163068,174133.780284,29.049859,0.898871,0
892,495.852676,108900.794419,28.853049,0.907872,0
893,509.841375,120258.038422,29.243793,0.890196,0
894,464.160826,91995.108197,29.815108,0.872359,0
895,460.813331,107767.325739,29.255467,0.861606,0
896,613.828014,243093.592097,28.722369,0.916330,0
897,512.861127,134405.643483,29.372510,0.873431,0
898,525.388487,130008.298151,29.106180,0.920001,0
899,474.455145,68657.579569,29.046256,0.915880,0
900,479.331798,87191.346320,29.285797,0.876897,0
901,470.170740,63142.269442,29.258522,0.892751,0
902,465.133376,77969.170597,28.712709,0.924337,0
903,472.403427,109479.435202,29.215088,0.906315,0
904,529.600340,125801.076802,29.639089,0.883284,0
905,458.853602,77643.849959,29.520081,0.889677,0
906,500.039781,127670.712876,29.376000,0.897311,0
907,520.088890,124938.588651,29.421476,0.887374,4
908,536.448552,158790.431028,28.875683,0.911973,0
909,489.955586,80367.966823,29.350645,0.885760,0
910,502.723828,120186.152560,29.341217,0.879398,0
911,473.568111,75557.647613,29.731522,0.854382,0
912,530.365081,113831.622983,29.228212,0.919480,0
913,494.171594,96063.523738,29.319166,0.891799,0
914,506.652030,145653.626538,29.418128,0.893738,0
915,505.727450,122645.890995,28.835936,0.880811,0
916,490.514989,125813.130037,29.023702,0.915593,0
917,469.907171,59643.707761,28.912401,0.895844,0
918,480.762992,104621.877692,29.683182,0.852901,0
919,527.684636,168470.796947,29.390078,0.874083,0
920,529.080343,119253.608476,28.854918,0.908214,4
921,519.476677,131068.804918,29.465610,0.887662,0
922,467.478873,80638.200456,29.188774,0.915513,0
923,471.872166,75620.555656,28.970782,0.908967,3
924,484.651179,91629.001060,29.488261,0.894489,0
925,502.569263,90812.764468,29.276799,0.889529,0
926,497.412792,99823.481451,29.262319,0.875256,3
927,476.249674,121297.281926,29.079774,0.933417,0
928,512.118904,121295.184170,29.291582,0.913837,0
929,479.892789,161614.206737,29.501473,0.892487,0
930,434.472753,68513.592325,29.437873,0.890284,0
931,561.899537,145996.237478,29.275557,0.926890,0
932,537.356718,163097.200372,29.929357,0.851163,0
933,568.684700,287202.510162,29.410251,0.892939,0
934,422.412456,63093.986914,28.585705,0.946260,0
935,520.538869,140944.357591,28.911970,0.892812,3
936,435.496624,71381.900960,28.901850,0.879316,0
937,494.115128,80201.685766,29.477803,0.881577,0
938,493.663204,192716.722404,28.862000,0.919207,0
939,527.005278,168653.030010,29.175011,0.890373,0
940,466.271284,76441.139158,29.573473,0.884405,3
941,464.353085,89103.963854,29.503364,0.881466,0
942,466.769997,80818.715021,29.208186,0.888288,0
943,514.522515,109474.973227,29.786032,0.867363,0
944,603.101690,496349.743273,28.960687,0.902044,0
945,446.454691,76332.944366,28.970158,0.914534,0
946,465.736839,64353.886728,29.335783,0.883119,0
947,570.323799,203712.030188,28.860416,0.924617,0
948,589.694073,319924.902224,28.982013,0.906918,0
949,595.203471,243397.522272,29.306759,0.888702,0
950,542.456028,214547.793523,29.150350,0.935208,2
951,429.137478,72502.777764,29.620182,0.878148,0
952,485.715172,98134.116487,29.155021,0.915096,0
953,469.806320,93219.075584,29.270700,0.909184,0
954,549.817149,199368.145026,29.394675,0.873355,0
955,495.172682,95060.266052,29.446521,0.875484,0
956,489.857768,108669.823322,28.997720,0.928068,0
957,568.894778,221718.171745,29.298937,0.915337,0
958,487.950507,82036.390598,29.496334,0.877147,0
959,535.450388,126330.082184,29.201194,0.909246,0
960,515.478571,92556.464970,30.047609,0.865688,0
961,540.553198,150395.956133,29.429442,0.886816,2
962,446.835342,64626.737661,29.231926,0.910930,0
963,495.476166,89048.076350,29.133618,0.904171,0
964,500.290820,132976.421115,29.113732,0.903918,0
965,503.822241,141115.896990,29.505097,0.893459,0
966,456.746109,127652.968579,29.403735,0.890457,6
967,642.317960,636872.502527,28.634356,0.922302,0
968,471.218929,122887.853889,28.993578,0.917273,0
969,445.605040,49604.248774,28.575015,0.947221,0
970,550.096159,137832.507321,29.426217,0.875100,0
971,513.211627,104103.554383,29.080394,0.904704,0
972,474.892796,92129.045354,29.360870,0.894281,0
973,588.453864,347865.510511,29.617660,0.879615,6
974,496.903506,118248.564516,29.306159,0.881443,0
975,466.621401,69249.253414,28.971696,0.910468,0
976,552.295389,143018.397542,28.823303,0.928535,0
977,535.413296,148481.327526,29.325868,0.893298,0
978,484.762800,109057.986261,29.466222,0.889742,0
979,468.143742,83897.276241,29.015341,0.901004,0
980,490.836929,86779.047544,29.005581,0.927079,0
981,582.925785,361984.070113,29.556763,0.862721,0
982,486.894639,108585.053059,29.159230,0.907067,0
983,507.763141,157298.066406,29.131903,0.890880,0
984,474.778130,133260.053205,29.405698,0.894728,0
985,506.000647,111540.716097,29.494690,0.891493,0
986,509.074040,126302.759020,29.292933,0.882360,0
987,413.366476,50808.934556,28.851372,0.972442,0
988,530.464982,181855.336940,29.003684,0.892260,0
989,480.625521,107191.088666,28.912048,0.931564,0
990,517.018736,151169.792483,29.116102,0.918242,0
991,446.115351,60567.785350,29.718478,0.855297,0
992,503.515049,132596.013045,29.279027,0.897425,0
993,534.189889,194402.621659,29.384901,0.869537,0
994,524.472495,146728.647329,29.245124,0.897133,0
995,546.944628,168384.971725,28.996339,0.925688,0
996,483.300968,76950.731623,29.135315,0.883214,0
997,537.368168,233363.772577,29.033066,0.921536,0
998,496.778588,109169.526058,29.296088,0.890988,0
999,515.366077,156662.304937,28.956273,0.904951,0
1000,445.335209,77545.263500,29.209878,0.894229,0
1001,449.026643,58396.224232,29.107619,0.895139,0
1002,494.494671,120005.551051,28.157339,0.964507,3
1003,495.603893,94636.099323,29.484237,0.882367,3
1004,600.500016,510604.063160,29.287079,0.905255,0
1005,555.318306,168248.405324,29.246897,0.901574,1
1006,562.027717,188462.240617,29.168654,0.906991,0
1007,518.801080,130303.598929,28.821101,0.908361,0
1008,473.897630,94230.443852,29.749167,0.879041,0
1009,508.151536,119115.865920,29.181433,0.897874,0
1010,493.389772,118805.218203,29.130396,0.878932,0
1011,511.471443,94573.076716,29.050824,0.906097,0
1012,484.584448,96260.664759,28.879074,0.908996,2
1013,469.826889,91098.351909,28.879148,0.910867,2
1014,494.163455,107369.236833,29.433218,0.876820,0
1015,510.285664,91819.202809,29.639326,0.877439,0
1016,493.419305,92333.476899,29.027782,0.911476,0
1017,473.746993,80212.982842,29.062546,0.910629,0
1018,496.795096,104806.202778,28.930745,0.885953,3
1019,549.863597,132297.924478,29.327074,0.865615,0
1020,536.948014,167080.330791,28.759831,0.902756,0
1021,591.036574,205787.725205,29.077935,0.931536,1
1022,544.353052,240393.344763,29.036673,0.914100,0
1023,505.555651,109263.667261,28.717133,0.919251,0
1024,487.461400,94790.537128,28.953847,0.889422,3
1025,528.982793,114581.863266,29.191545,0.912866,0
1026,525.855638,155310.797705,29.358173,0.884024,0
1027,494.486554,77995.922382,29.179467,0.923110,0
1028,482.526056,86469.730781,29.077005,0.895275,0
1029,533.242928,148882.219250,29.240006,0.878005,0
1030,458.553832,90377.777895,29.008847,0.928667,0
1031,524.320387,83726.744156,29.369071,0.903720,0
1032,559.124251,219561.619506,28.954912,0.918315,1
1033,573.364378,188764.298295,29.377985,0.888420,0
1034,552.613834,202805.651525,29.397610,0.889343,0
1035,544.060295,188501.202809,29.072251,0.937701,1
1036,537.456386,109314.107518,29.389148,0.877656,0
1037,512.343598,95403.743305,29.309432,0.881110,2
1038,593.428936,404060.566420,29.136394,0.893601,0
1039,468.280856,95236.999680,29.187307,0.884508,0
1040,513.819079,124644.798886,29.141563,0.909699,0
1041,466.821433,66319.243950,29.283596,0.907084,0
1042,456.919893,71433.534247,28.975799,0.904378,0
1043,552.488273,140683.744107,29.292101,0.890999,0
1044,507.086680,130728.050243,29.435602,0.885936,1
1045,503.038799,123201.047347,29.160116,0.895232,0
1046,474.639797,83880.275133,29.176136,0.909105,0
1047,482.619243,124035.146532,29.127555,0.892981,0
1048,475.142716,73288.910202,29.171668,0.901931,0
1049,461.504872,74581.170777,28.929085,0.901586,0
1050,511.620457,85427.446287,28.956703,0.903851,0
1051,545.600704,155350.025407,29.008246,0.910861,0
1052,515.296325,147095.195935,29.273551,0.873739,0
1053,464.629855,86447.013958,29.273600,0.895460,0
1054,443.558217,62767.269372,29.199742,0.903047,0
1055,592.875582,193395.343273,28.689038,0.926361,0
1056,616.047841,339794.887618,28.809081,0.903710,1
1057,507.833018,123283.161212,29.325358,0.866150,0
1058,446.045579,88314.485141,29.501994,0.882160,0
1059,489.835819,97056.449053,29.427876,0.865447,0
1060,526.386646,128617.987661,29.345076,0.885752,0
1061,465.551074,79534.104980,29.392965,0.878145,0
1062,504.438472,93318.866119,28.957715,0.907099,0
1063,533.758268,222316.026458,28.829360,0.921971,1
1064,475.271291,84268.048581,29.530971,0.883156,1
1065,463.414284,84089.894994,28.942635,0.915065,0
1066,433.897490,68601.003055,28.808796,0.917362,1
1067,495.792770,97779.249203,28.770367,0.924337,0
1068,481.087592,101763.124740,28.953155,0.913780,0
1069,510.692261,179945.980669,28.835083,0.897248,0
1070,414.369472,68498.180932,29.182436,0.883307,0
1071,481.398090,85826.761196,29.091883,0.897142,0
1072,559.964646,260271.244935,29.442103,0.879133,0
1073,473.852660,80798.120845,29.197651,0.895549,0
1074,526.815955,130138.636690,28.828116,0.923695,0
1075,445.005259,66789.488885,29.315210,0.891622,0
1076,480.815168,88080.489796,28.932083,0.912562,0
1077,435.392959,55451.117290,29.484470,0.882436,0
1078,510.505171,118672.882016,29.424499,0.882511,0
1079,534.991287,155635.079271,29.116147,0.931244,0
1080,474.893132,68374.773112,29.527382,0.867344,0
1081,519.546222,191824.393012,29.631406,0.872033,0
1082,418.258568,43136.483531,29.833123,0.850496,0
1083,544.186219,204519.742125,28.934900,0.916945,3
1084,523.027811,136573.318859,29.312497,0.883628,0
1085,475.767620,74383.458559,28.667886,0.932237,0
1086,549.890504,294514.753113,29.942109,0.864352,0
1087,493.349135,101846.573423,28.909234,0.909021,0
1088,524.505978,146319.086575,29.174926,0.909543,0
1089,473.340648,77068.674453,29.248597,0.910130,1
1090,433.025710,56937.421312,29.370363,0.859816,0
1091,468.207314,71957.219375,29.416857,0.876452,0
1092,470.648939,53257.874657,29.082504,0.896616,0
1093,495.233097,130330.547061,29.144510,0.913370,0
1094,558.884204,212052.917019,29.335738,0.880965,0
1095,597.994289,231987.341369,29.265038,0.904750,0
1096,450.490693,68368.345401,29.034566,0.886467,0
1097,431.355876,50480.651476,29.030001,0.907724,0
1098,586.876155,307336.554931,28.401367,0.962835,0
1099,522.693624,134144.793832,28.995676,0.916336,0
1100,505.477120,94156.935137,29.039232,0.897439,0
1101,536.367351,142398.132025,29.174238,0.899512,0
1102,519.626488,176358.308914,28.931675,0.904754,0
1103,490.967472,94090.849316,28.999820,0.910095,0
1104,450.969535,72375.899993,29.188809,0.871212,0
1105,531.121897,130830.409204,29.504427,0.880026,4
1106,602.185633,369937.333090,29.515874,0.873387,0
1107,480.242034,128758.116955,29.211937,0.882889,0
1108,497.064870,81704.100379,29.250765,0.883480,0
1109,457.584597,91718.578827,29.330381,0.876302,0
1110,427.982675,43991.059294,28.863574,0.901912,0
1111,462.074034,59860.798848,28.931802,0.913543,1
1112,462.836271,79968.271869,29.157594,0.884687,0
1113,420.393014,67318.430327,29.187007,0.882655,0
1114,452.397371,65642.745768,29.160548,0.894552,0
1115,497.507032,113619.302765,28.938234,0.925173,0
1116,475.651887,88033.612334,29.070763,0.902925,0
1117,521.729033,148519.611937,29.382022,0.882096,0
1118,493.714520,89832.529435,28.556993,0.946083,3
1119,509.495206,106781.163085,28.928629,0.913291,0
1120,596.436982,539585.041276,28.613972,0.926206,0
1121,495.494700,110762.565077,28.630247,0.925988,0
1122,483.335879,112656.928159,29.542746,0.887860,0
1123,613.292357,248064.092683,29.168013,0.912355,0
1124,479.116554,136698.240195,29.511096,0.877875,1
1125,460.338903,78830.501290,29.118316,0.889395,0
1126,536.003049,166590.352697,29.000592,0.905552,0
1127,538.106797,249637.713602,29.181078,0.889873,0
1128,434.641148,62931.496405,29.252683,0.885551,1
1129,478.879735,77212.490367,28.881325,0.918381,0
1130,538.367001,139054.740631,28.959836,0.893380,0
1131,617.370580,402941.254626,28.918515,0.952758,0
1132,540.391594,146154.251137,28.790682,0.948873,0
1133,474.999145,107386.710031,29.056046,0.901935,0
1134,509.792826,109691.962356,29.375216,0.872511,0
1135,514.871157,110177.725199,29.408004,0.873774,0
1136,428.259825,61052.981415,29.215474,0.899031,0
1137,541.003279,194049.492395,29.450076,0.892416,0
1138,474.280347,109045.687983,29.109724,0.898606,0
1139,463.670363,86181.104209,29.203930,0.902208,0
1140,500.073826,82955.276063,28.730150,0.914136,0
1141,532.605308,260240.398052,29.230735,0.881974,0
1142,439.800433,72283.282026,29.396419,0.889349,0
1143,545.313765,173732.090628,29.286341,0.907506,1
1144,449.330536,58312.661431,29.231425,0.919075,0
1145,483.568912,128577.692519,28.819045,0.889919,0
1146,522.836036,129876.382709,28.996015,0.892270,0
1147,455.214210,120556.680729,28.857027,0.898501,0
1148,547.231014,186749.164337,28.833709,0.943091,0
1149,502.548532,119708.650966,29.122141,0.919842,0
1150,482.255690,104199.845135,29.041351,0.916379,0
1151,560.806925,212718.264568,29.239754,0.884562,0
1152,637.218688,637173.841942,29.153656,0.900344,0
1153,468.937432,73795.937223,29.469384,0.873769,0
1154,583.835646,307415.515318,29.209133,0.892057,0
1155,519.022396,172255.811647,28.765809,0.911443,0
1156,502.724976,123798.098023,29.172154,0.897613,0
1157,434.612073,55800.471395,28.894554,0.904313,0
1158,546.381917,141805.470686,29.400753,0.902130,0
1159,459.885605,93287.332590,29.301639,0.899755,0
1160,478.332096,80420.415926,29.183653,0.904178,0
1161,511.187510,162586.423561,28.825580,0.915464,0
1162,539.435353,186438.005390,29.517392,0.881055,0
1163,522.447627,184313.605325,29.330817,0.882651,0
1164,417.903301,53261.710241,29.262772,0.883317,0
1165,518.983726,111177.428692,29.196812,0.922290,0
1166,396.486945,39532.310582,29.831818,0.852103,0
1167,503.049419,184847.696150,29.398934,0.916310,0
1168,468.473054,111006.548581,29.347503,0.880057,0
1169,497.628063,104541.661187,29.468401,0.870840,0
1170,430.667352,69250.114011,29.434079,0.858762,0
1171,510.567306,115778.346415,29.281586,0.918334,0
1172,484.404913,79345.997100,29.260884,0.902645,0
1173,519.325624,125747.621251,29.429214,0.867510,0
1174,500.097977,89224.999120,28.782469,0.927131,0
1175,576.699533,345753.690601,29.295425,0.897336,0
1176,468.785611,82406.696925,28.940381,0.884640,0
1177,458.603945,71169.745695,28.865058,0.940248,0
1178,556.352164,208875.076097,29.222850,0.869258,0
1179,445.226749,69931.884240,29.431154,0.878543,1
1180,541.950347,152535.296472,29.537506,0.884775,0
1181,483.692403,131842.293314,29.145263,0.917066,0
1182,537.438293,214865.237478,29.012607,0.893112,0
1183,468.188418,70734.315984,29.255991,0.900506,0
1184,463.786395,123496.175109,28.965854,0.890461,0
1185,469.715049,74972.678024,29.272955,0.872346,0
1186,554.710358,163531.455849,28.873969,0.905050,0
1187,525.984075,135112.175122,29.224059,0.898544,0
1188,508.473235,152998.679453,29.364837,0.886214,0
1189,457.833258,79870.901407,29.152041,0.879226,0
1190,497.356247,102600.606555,29.135330,0.898401,0
1191,530.806030,277599.408626,29.308207,0.879536,1
1192,509.577766,157349.419712,28.939716,0.905853,0
1193,518.719783,129285.739695,28.707512,0.953213,0
1194,514.969764,153999.458326,28.927771,0.902774,0
1195,509.745120,83205.610397,29.022325,0.919542,0
1196,442.084550,77280.517178,29.458862,0.890668,0
1197,476.859393,129988.885731,28.663912,0.921707,0
1198,488.834605,100126.135730,28.946369,0.899909,0
1199,453.980056,68628.875962,29.126950,0.908785,0
1200,521.359146,118196.519841,29.386088,0.888365,0
1201,442.329669,107476.887258,29.414779,0.891382,0
1202,555.717927,629604.765557,29.091138,0.896086,0
1203,488.930080,94289.086345,29.457797,0.867049,0
1204,513.658139,148519.473598,29.262747,0.881504,0
1205,476.744232,79664.600432,29.511841,0.862451,0
1206,508.121027,167941.115025,28.985846,0.930502,0
1207,466.835075,106191.707227,28.988971,0.926764,0
1208,495.213862,97387.491410,28.923840,0.910992,0
1209,522.667867,147785.219804,29.192476,0.870005,0
1210,486.537516,97836.075449,29.333572,0.887134,0
1211,507.575234,128884.677586,29.501252,0.864947,0
1212,573.736136,161039.844161,29.340782,0.896337,0
1213,509.291878,179259.695292,28.758969,0.909630,0
1214,608.092195,226756.155365,29.654176,0.877579,0
1215,535.742738,133133.482659,29.118495,0.917755,0
1216,503.589916,106572.583661,29.163771,0.887684,0
1217,521.399211,141758.165061,29.181445,0.896329,0
1218,515.608469,119311.011669,29.647416,0.872285,0
1219,538.261907,268169.265809,28.574792,0.908763,0
1220,515.654420,165248.382606,29.327695,0.867298,0
1221,539.191782,132350.541676,28.888877,0.932149,0
1222,485.813994,80460.718741,29.117931,0.891092,0
1223,455.402201,71654.045690,29.585694,0.861032,0
1224,472.567509,74334.468886,29.219099,0.883479,0
1225,534.959837,147666.659986,28.433955,0.922117,0
1226,555.669970,161771.796884,29.096625,0.911174,0
1227,441.122935,69524.042794,29.391762,0.865852,0
1228,500.649481,169087.831641,29.497746,0.896280,0
1229,592.345407,272363.540514,29.493411,0.881543,0
1230,494.688205,98889.794559,29.352366,0.910746,0
1231,469.646237,76387.144494,29.036134,0.900037,2
1232,546.351076,165504.869313,29.125814,0.922925,0
1233,525.276428,192860.609139,28.995732,0.905758,0
1234,465.912734,148829.744355,29.321997,0.875772,0
1235,433.230598,60196.948362,29.339200,0.891339,0
1236,489.237750,98452.547104,29.455411,0.872717,0
1237,479.749652,90290.745457,29.250312,0.898318,0
1238,501.395748,104662.880576,29.133475,0.917722,0
1239,468.864919,115397.904437,28.912731,0.930777,0
1240,542.778576,236104.260251,28.896396,0.920585,0
1241,497.065677,114151.035660,29.363545,0.898916,0
1242,456.397985,65484.041122,29.640465,0.863019,2
1243,478.780732,161164.624556,29.311324,0.880388,0
1244,608.168821,409327.686068,29.448135,0.870456,0
1245,458.093676,68186.934877,29.244102,0.912415,0
1246,430.270915,99143.680510,28.997813,0.897541,0
1247,503.142440,113512.318235,29.093652,0.915020,0
1248,495.188672,108810.627042,29.184588,0.906785,0
1249,488.384560,120998.473996,29.707459,0.869092,2
1250,543.309715,284445.674570,29.395561,0.897640,0
1251,493.224590,109379.621042,28.657263,0.937522,0
